01100011
10010011
01111111
00001100
00110101
10111000
11001110
11011010
11001000
01000110
01110111
10010010
01010000
00111000
10001111
00100100
11000000
01110010
10110010
00010111
10100001
10000001
11110001
00001111
10111101
01101110
01110011
01010011
00101011
00000110
10001000
00001000
00010001
11001001
11110011
01110101
10111000
00000110
10101100
11001110
01010100
10001011
00101001
11101100
01100111
01100101
00100001
01000100
01011110
00001100
00101111
10110000
01101000
11000001
10111011
01000100
11111101
00110111
01000101
01110000
11001010
00101001
01000101
01101101
11111110
00010001
00000011
11100101
10001010
11100110
01010101
10011000
01011011
00001000
00011001
00111101
00000010
01111010
00101011
10010111
01101001
10000101
10110011
10010110
00110011
01011100
10011011
10100101
11110001
11110001
01000111
11011000
11111110
10011111
00001000
00111100
00011111
00100111
01110101
01100100
