0011000110001100
1111101111100110
0011001010101010
0000000011000110
0100000110101101
1011010010011000
1100011011011001
1100010100010111
1100011011111000
1011111000110001
0011101001010011
1111101111101111
0011110111100000
0001000010011000
1111100011001010
0000111110111110
1110011000000000
0011001001101111
1111010001101111
1000001111010010
1111111110000011
1110100000000011
1110001001100011
0000000011001110
0111010010100111
0011000001001001
0011001001101100
0011100111101100
0000011101110100
0000000000110001
0111100011111000
0000000011111000
0000000110100011
1100111011110011
1100101001101100
0011001001011101
1111010011011000
0000000000110001
1011011101000110
1100011011001001
0011110111011110
1111100011111100
0000111101111010
1101100101000110
0010000101010010
0011000110111101
0000111110000111
0010111000111110
0011110100101001
0000011100000110
0000111101001000
1111011001100000
0011000101111000
1100011010000001
1111010110010100
0011111000111110
1101101010100101
0000010001010010
0011111100111100
0011001001100000
1100011011110111
0000111101111011
0011111000111001
0011000101000101
1100101010101001
0000001101100001
0000000010001101
1100100010111101
1111100011110111
1100100110110001
0011110111010101
1111101100011000
0001110100010110
0000000011111000
0000001100011011
1000110010100101
0000000000001111
0011001010010111
0000111101110100
1111101111010110
1011000101111011
1111111000111101
1111000101101100
1111101111010001
0000100001101100
0011110100100110
1011101100010100
1111011110111101
1100101001100011
1110111001100011
0001111000110010
1100010101011000
1100101010111001
1111101100101010
0000000011011000
0000110010110110
0100001100101010
0000111110110010
0011001000011101
0011000110111110
