0011000110001100
1111101111100000
0011001010101010
0000000011000110
1100010100101001
1111010010011000
1100011011001001
1100010100010111
1100011011111000
0011111000111101
0011001001010010
1111101111101111
0011110111100000
0011001010011000
1111100011001010
0000111110111110
1100011000000000
0011001001101111
1111010001101111
0000001111010010
1111011110000011
1111100000000011
1111010001100011
0000000011001010
1111010010100110
0011000101001001
0011001001101100
0011110111101100
0000111101110100
0000000000110001
1111100011111000
0000000011111000
0000001111100011
1100011011110111
1100101001101100
0011001001011101
1111010010011000
0000000000110001
1111011101000110
1100011011001001
0011110111011110
1111100011110100
0000111101111000
1100100101000110
0011001001010010
0011000110111101
0000111110001111
0011111000111110
0011110100101001
0000001100100110
0000111101001010
1111010001100000
0011000101111000
1100011011001001
1111010010010100
0011111000111110
1100101010100101
0000110001010010
0011111000111101
0011001001100000
1100011011110111
0000111101111011
0011111000110001
0011000101000101
1100101010101001
0000001111100011
0000000000001111
1100100110111101
1111100011110111
1100100110110001
0011110111010001
1111101100011000
0011110111010010
0000000011111000
0000001100011011
0000110010100101
0000000000001111
0011001010010111
0000111101110100
1111101111010010
0011000101111011
1111100000111101
1111010001101100
1111101111010001
0000110001101100
0011110100100110
1111101100010100
1111011110111101
1100101001100011
1100101001100011
0011111000110010
1100010100011000
1100101010101001
1111101100101010
0000000011111000
0000110010100110
0000001100101010
0000111110110010
0011001001011101
